0,513
0,512
0,511
0,510
0,509
0,508
0,507
36,100
36,99
36,98
36,97
36,96
36,95
36,94
36,93
36,92
36,91
36,90
36,89
36,88
36,87
36,86
36,85
36,84
36,83
36,82
36,81
36,80
36,79
36,78
36,77
36,76
36,75
36,74
36,73
36,72
36,71
36,70
36,69
36,68
36,67
36,66
36,65
36,64
36,37
36,36
36,35
36,34
36,33
36,32
36,31
36,30
36,29
36,28
36,27
36,26
36,25
36,24
36,23
36,22
36,21
36,20
36,19
36,18
36,17
36,16
36,15
36,14
36,13
36,12
36,11
36,10
36,9
0,506
0,505
36,8
0,504
0,503
0,502
36,7
0,501
0,500
0,499
0,498
0,497
0,496
0,495
0,494
0,493
0,492
0,491
0,490
0,489
0,488
0,487
36,6
0,486
0,485
0,484
0,483
0,482
0,481
0,480
0,479
0,478
0,477
0,476
0,475
0,474
0,473
0,472
0,471
0,470
0,469
0,468
0,467
0,466
0,465
0,464
0,463
0,462
0,461
0,460
0,459
0,458
0,457
0,456
0,455
0,454
0,453
0,452
0,451
0,450
0,449
0,448
0,447
0,446
0,445
0,444
0,443
0,442
